census_2010_block_group_id,Not Displaced,Displaced,Total Movers,Share Displaced
530330001002,223,136,359,38%
530330001003,159,90,249,36%
530330001004,328,185,513,36%
530330001005,252,125,377,33%
530330002001,106,22,128,17%
530330002002,147,29,176,16%
530330002003,187,89,276,32%
530330002004,184,23,207,11%
530330002005,260,58,318,18%
530330002006,139,30,169,18%
530330003001,156,42,198,21%
530330003002,254,69,323,21%
530330004011,448,460,908,51%
530330004012,167,122,289,42%
530330004013,229,178,407,44%
530330004021,98,44,142,31%
530330004022,50,29,79,37%
530330004023,303,107,410,26%
530330004024,159,52,211,25%
530330005001,19,8,27,30%
530330005002,18,8,26,31%
530330005003,6,6,12,50%
530330006001,56,14,70,20%
530330006002,130,60,190,32%
530330006003,274,69,343,20%
530330006004,238,74,312,24%
530330006005,74,32,106,30%
530330006006,253,92,345,27%
530330007001,310,169,479,35%
530330007002,134,72,206,35%
530330007003,146,40,186,22%
530330007004,120,42,162,26%
530330008001,70,27,97,28%
530330008002,106,16,122,13%
530330009001,89,26,115,23%
530330009002,87,27,114,24%
530330010001,88,67,155,43%
530330010002,63,26,89,29%
530330011001,162,31,193,16%
530330011002,158,41,199,21%
530330012001,261,77,338,23%
530330012002,182,112,294,38%
530330012003,438,323,761,42%
530330012004,230,122,352,35%
530330012005,330,222,552,40%
530330013001,252,89,341,26%
530330013002,217,60,277,22%
530330013003,386,116,502,23%
530330014001,111,70,181,39%
530330014002,217,58,275,21%
530330014003,267,78,345,23%
530330014004,108,23,131,18%
530330015001,142,27,169,16%
530330015002,39,21,60,35%
530330016001,61,23,84,27%
530330016002,36,12,48,25%
530330016003,173,75,248,30%
530330017011,513,148,661,22%
530330017012,219,65,284,23%
530330017013,205,55,260,21%
530330017021,400,127,527,24%
530330017022,135,63,198,32%
530330017023,99,38,137,28%
530330017024,106,36,142,25%
530330018001,235,53,288,18%
530330018002,450,155,605,26%
530330018003,440,141,581,24%
530330019001,385,120,505,24%
530330019002,223,53,276,19%
530330019003,179,43,222,19%
530330020001,317,72,389,19%
530330020002,119,55,174,32%
530330020003,121,45,166,27%
530330021001,124,56,180,31%
530330021002,164,80,244,33%
530330021003,196,60,256,23%
530330022001,96,64,160,40%
530330022002,174,64,238,27%
530330022003,94,36,130,28%
530330022004,85,33,118,28%
530330024001,64,30,94,32%
530330024002,79,41,120,34%
530330024003,117,66,183,36%
530330025001,162,68,230,30%
530330025002,129,66,195,34%
530330026001,70,47,117,40%
530330026002,147,46,193,24%
530330026003,338,90,428,21%
530330026004,126,34,160,21%
530330027001,221,111,332,33%
530330027002,162,90,252,36%
530330027003,169,54,223,24%
530330027004,180,74,254,29%
530330028001,95,43,138,31%
530330028002,136,60,196,31%
530330028003,176,47,223,21%
530330028004,190,79,269,29%
530330029001,175,66,241,27%
530330029002,94,53,147,36%
530330029003,151,54,205,26%
530330030001,84,34,118,29%
530330030002,169,40,209,19%
530330030003,191,61,252,24%
530330030004,194,41,235,17%
530330031001,74,24,98,24%
530330031002,104,31,135,23%
530330031003,93,31,124,25%
530330031004,51,31,82,38%
530330031005,99,35,134,26%
530330032001,199,67,266,25%
530330032002,320,107,427,25%
530330032003,521,193,714,27%
530330032004,283,95,378,25%
530330032005,96,31,127,24%
530330032006,104,49,153,32%
530330032007,65,19,84,23%
530330033001,182,50,232,22%
530330033002,171,48,219,22%
530330033003,453,138,591,23%
530330033004,391,83,474,18%
530330033005,226,81,307,26%
530330034001,168,50,218,23%
530330034002,140,22,162,14%
530330034003,214,59,273,22%
530330035001,120,82,202,41%
530330035002,172,70,242,29%
530330035003,140,57,197,29%
530330036001,566,189,755,25%
530330036002,588,173,761,23%
530330036003,128,55,183,30%
530330036004,698,199,897,22%
530330038001,162,62,224,28%
530330038002,107,23,130,18%
530330039001,163,91,254,36%
530330039002,58,21,79,27%
530330040001,236,174,410,42%
530330040002,55,37,92,40%
530330041001,178,116,294,39%
530330041002,90,51,141,36%
530330041003,79,22,101,22%
530330041004,87,48,135,36%
530330041005,154,52,206,25%
530330041006,70,40,110,36%
530330042001,163,68,231,29%
530330042002,140,48,188,26%
530330042003,182,119,301,40%
530330042004,176,76,252,30%
530330042005,106,43,149,29%
530330043011,171,118,289,41%
530330043012,89,57,146,39%
530330043013,108,53,161,33%
530330043021,267,226,493,46%
530330043022,325,278,603,46%
530330044001,158,71,229,31%
530330044002,344,170,514,33%
530330044003,212,142,354,40%
530330044004,551,451,1002,45%
530330045001,172,59,231,26%
530330045002,259,83,342,24%
530330046001,161,42,203,21%
530330046002,127,33,160,21%
530330046003,84,19,103,18%
530330047001,252,94,346,27%
530330047002,494,123,617,20%
530330047003,1439,372,1811,21%
530330047004,825,261,1086,24%
530330048001,221,69,290,24%
530330048002,139,60,199,30%
530330048003,322,101,423,24%
530330048004,189,54,243,22%
530330049001,262,80,342,23%
530330049002,479,126,605,21%
530330049003,523,99,622,16%
530330049004,373,83,456,18%
530330049005,562,118,680,17%
530330050001,319,99,418,24%
530330050002,255,73,328,22%
530330050003,552,154,706,22%
530330051001,177,104,281,37%
530330051002,102,43,145,30%
530330051003,141,70,211,33%
530330052001,276,208,484,43%
530330052002,426,275,701,39%
530330052003,192,114,306,37%
530330052004,233,130,363,36%
530330052005,404,322,726,44%
530330053011,181,221,402,55%
530330053012,608,698,1306,53%
530330053013,345,415,760,55%
530330053014,329,389,718,54%
530330053021,48,132,180,73%
530330054001,152,54,206,26%
530330054002,450,113,563,20%
530330054003,523,156,679,23%
530330054004,658,192,850,23%
530330056001,269,106,375,28%
530330056002,211,55,266,21%
530330056003,208,55,263,21%
530330056004,212,42,254,17%
530330056005,191,48,239,20%
530330057001,102,24,126,19%
530330057002,168,45,213,21%
530330057003,155,53,208,25%
530330057004,172,56,228,25%
530330057005,282,71,353,20%
530330057006,259,122,381,32%
530330058011,379,124,503,25%
530330058012,396,129,525,25%
530330058013,318,118,436,27%
530330058014,438,152,590,26%
530330058021,400,102,502,20%
530330058022,828,229,1057,22%
530330058023,392,123,515,24%
530330059002,196,54,250,22%
530330059003,104,40,144,28%
530330059004,393,104,497,21%
530330059005,172,47,219,21%
530330060001,506,172,678,25%
530330060002,254,44,298,15%
530330060003,303,64,367,17%
530330060004,444,158,602,26%
530330061001,365,86,451,19%
530330061003,519,155,674,23%
530330061004,470,145,615,24%
530330062001,214,42,256,16%
530330062002,189,46,235,20%
530330062003,148,18,166,11%
530330063001,135,35,170,21%
530330063002,139,55,194,28%
530330063003,136,78,214,36%
530330063004,133,49,182,27%
530330064001,196,55,251,22%
530330064002,158,32,190,17%
530330064003,115,44,159,28%
530330065001,229,41,270,15%
530330065002,364,130,494,26%
530330065003,413,86,499,17%
530330066001,946,222,1168,19%
530330066002,710,182,892,20%
530330067001,1759,343,2102,16%
530330067002,1260,326,1586,21%
530330067003,493,193,686,28%
530330067004,518,198,716,28%
530330068001,339,80,419,19%
530330068002,574,125,699,18%
530330069001,253,78,331,24%
530330069002,151,60,211,28%
530330069003,208,67,275,24%
530330069004,333,111,444,25%
530330070001,351,128,479,27%
530330070002,382,241,623,39%
530330070003,510,237,747,32%
530330070004,412,178,590,30%
530330070005,376,198,574,34%
530330070006,378,118,496,24%
530330071001,817,199,1016,20%
530330071002,1613,287,1900,15%
530330072001,2411,1152,3563,32%
530330072002,841,508,1349,38%
530330072003,756,449,1205,37%
530330073001,1582,1033,2615,40%
530330073002,514,488,1002,49%
530330073003,1426,587,2013,29%
530330074011,541,194,735,26%
530330074012,660,237,897,26%
530330074013,469,130,599,22%
530330074014,519,167,686,24%
530330074021,789,379,1168,32%
530330074022,514,285,799,36%
530330074023,598,321,919,35%
530330075001,403,220,623,35%
530330075002,738,227,965,24%
530330075003,639,203,842,24%
530330075004,1236,381,1617,24%
530330075005,681,186,867,21%
530330076001,254,108,362,30%
530330076002,410,155,565,27%
530330076003,220,103,323,32%
530330077001,165,71,236,30%
530330077002,164,51,215,24%
530330077003,206,100,306,33%
530330077004,396,97,493,20%
530330078001,123,26,149,17%
530330078002,180,43,223,19%
530330078003,105,67,172,39%
530330078004,105,58,163,36%
530330079001,201,121,322,38%
530330079002,221,147,368,40%
530330079003,160,90,250,36%
530330079004,223,136,359,38%
530330079005,451,270,721,37%
530330080011,686,289,975,30%
530330080012,392,277,669,41%
530330080013,455,176,631,28%
530330080014,610,259,869,30%
530330080015,315,174,489,36%
530330080021,572,370,942,39%
530330080022,542,324,866,37%
530330081001,560,295,855,35%
530330081002,364,353,717,49%
530330081003,288,289,577,50%
530330082001,582,289,871,33%
530330082002,530,267,797,34%
530330082003,430,263,693,38%
530330083001,349,188,537,35%
530330083002,648,274,922,30%
530330084001,1230,525,1755,30%
530330084002,714,434,1148,38%
530330084003,640,283,923,31%
530330085001,269,150,419,36%
530330085002,406,278,684,41%
530330085003,133,125,258,48%
530330086001,350,174,524,33%
530330086002,547,319,866,37%
530330086003,220,159,379,42%
530330087001,266,120,386,31%
530330087002,197,177,374,47%
530330087003,303,149,452,33%
530330088001,241,87,328,27%
530330088002,153,88,241,37%
530330088003,236,86,322,27%
530330089001,128,35,163,21%
530330089002,192,94,286,33%
530330089003,194,129,323,40%
530330089004,167,51,218,23%
530330090001,316,201,517,39%
530330090002,234,267,501,53%
530330091001,200,183,383,48%
530330091002,319,314,633,50%
530330092001,333,396,729,54%
530330092002,183,263,446,59%
530330093001,133,59,192,31%
530330093002,166,80,246,33%
530330093003,155,75,230,33%
530330094001,214,153,367,42%
530330094002,215,116,331,35%
530330094003,60,29,89,33%
530330094004,67,49,116,42%
530330094005,254,141,395,36%
530330095001,189,77,266,29%
530330095002,246,173,419,41%
530330095003,141,66,207,32%
530330095004,231,164,395,42%
530330096001,68,41,109,38%
530330096002,157,100,257,39%
530330096003,165,58,223,26%
530330096004,86,73,159,46%
530330096005,232,101,333,30%
530330097011,272,111,383,29%
530330097012,160,77,237,32%
530330097013,134,57,191,30%
530330097014,187,71,258,28%
530330097021,114,46,160,29%
530330097022,44,27,71,38%
530330097023,83,44,127,35%
530330097024,77,81,158,51%
530330097025,114,84,198,42%
530330098001,119,56,175,32%
530330098002,96,48,144,33%
530330098003,127,71,198,36%
530330098004,173,83,256,32%
530330098005,178,63,241,26%
530330099001,192,78,270,29%
530330099002,218,86,304,28%
530330099003,284,102,386,26%
530330099004,202,76,278,27%
530330100011,75,58,133,44%
530330100012,95,67,162,41%
530330100013,171,119,290,41%
530330100021,111,38,149,26%
530330100022,226,97,323,30%
530330100023,139,64,203,32%
530330100024,104,46,150,31%
530330101001,91,50,141,35%
530330101002,133,88,221,40%
530330101003,280,228,508,45%
530330101004,160,135,295,46%
530330101005,264,205,469,44%
530330102001,133,38,171,22%
530330102002,127,33,160,21%
530330102003,83,46,129,36%
530330102004,132,39,171,23%
530330103001,111,47,158,30%
530330103002,179,61,240,25%
530330103003,152,98,250,39%
530330103004,361,201,562,36%
530330103005,473,231,704,33%
530330104011,139,81,220,37%
530330104012,239,77,316,24%
530330104013,71,32,103,31%
530330104021,160,69,229,30%
530330104022,103,29,132,22%
530330104023,124,60,184,33%
530330104024,148,48,196,24%
530330105001,101,67,168,40%
530330105002,172,101,273,37%
530330105003,114,46,160,29%
530330105004,818,341,1159,29%
530330105005,214,86,300,29%
530330106001,194,80,274,29%
530330106002,107,63,170,37%
530330106003,160,97,257,38%
530330106004,130,55,185,30%
530330106005,154,52,206,25%
530330106006,172,55,227,24%
530330107011,175,94,269,35%
530330107012,208,85,293,29%
530330107021,125,110,235,47%
530330107022,158,208,366,57%
530330107023,85,105,190,55%
530330108001,89,44,133,33%
530330108002,118,83,201,41%
530330108003,198,110,308,36%
530330109001,78,57,135,42%
530330109002,53,35,88,40%
530330110011,73,94,167,56%
530330110012,56,78,134,58%
530330110013,145,193,338,57%
530330110021,58,30,88,34%
530330110022,168,112,280,40%
530330110023,62,47,109,43%
530330111011,144,78,222,35%
530330111012,702,230,932,25%
530330111013,123,47,170,28%
530330111014,113,67,180,37%
530330111021,153,24,177,14%
530330111022,127,62,189,33%
530330111023,64,26,90,29%
530330111024,129,36,165,22%
530330112001,132,89,221,40%
530330112002,60,41,101,41%
530330112003,112,53,165,32%
530330113001,107,66,173,38%
530330113002,129,84,213,39%
530330113003,141,43,184,23%
530330113004,66,33,99,33%
530330113005,124,70,194,36%
530330114011,215,101,316,32%
530330114012,240,70,310,23%
530330114013,108,53,161,33%
530330114021,100,65,165,39%
530330114022,167,90,257,35%
530330114023,201,124,325,38%
530330115001,187,73,260,28%
530330115002,87,50,137,36%
530330115003,139,67,206,33%
530330116001,190,90,280,32%
530330116002,80,38,118,32%
530330116003,97,39,136,29%
530330116004,94,54,148,36%
530330116005,116,25,141,18%
530330116006,127,54,181,30%
530330117001,113,38,151,25%
530330117002,152,64,216,30%
530330117003,123,54,177,31%
530330117004,88,31,119,26%
530330118001,80,20,100,20%
530330118002,114,49,163,30%
530330118003,100,46,146,32%
530330118004,172,117,289,40%
530330118005,126,68,194,35%
530330118006,343,233,576,40%
530330119001,143,43,186,23%
530330119002,161,83,244,34%
530330119003,127,63,190,33%
530330119004,122,66,188,35%
530330119005,125,34,159,21%
530330120001,48,40,88,45%
530330120002,146,43,189,23%
530330120003,154,40,194,21%
530330121001,108,39,147,27%
530330121002,153,72,225,32%
530330201001,59,25,84,30%
530330201002,58,14,72,19%
530330201003,24,6,30,20%
530330202001,80,24,104,23%
530330202002,69,30,99,30%
530330202003,54,27,81,33%
530330202004,52,24,76,32%
530330202005,117,49,166,30%
530330203001,139,37,176,21%
530330203002,195,36,231,16%
530330203003,99,27,126,21%
530330203004,178,44,222,20%
530330203005,462,143,605,24%
530330204011,127,60,187,32%
530330204012,78,12,90,13%
530330204013,135,18,153,12%
530330204021,144,32,176,18%
530330204022,63,16,79,20%
530330204023,94,42,136,31%
530330204024,112,14,126,11%
530330204025,169,46,215,21%
530330205001,157,50,207,24%
530330205002,135,60,195,31%
530330205003,109,24,133,18%
530330205004,64,14,78,18%
530330205005,202,39,241,16%
530330205006,38,11,49,22%
530330206001,84,27,111,24%
530330206002,93,17,110,15%
530330206003,51,12,63,19%
530330206004,49,12,61,20%
530330207001,204,57,261,22%
530330207002,212,63,275,23%
530330207003,87,23,110,21%
530330208001,104,28,132,21%
530330208002,85,25,110,23%
530330208003,60,30,90,33%
530330208004,58,15,73,21%
530330209001,181,103,284,36%
530330209002,119,40,159,25%
530330209003,37,13,50,26%
530330210001,84,25,109,23%
530330210002,84,16,100,16%
530330210003,141,22,163,13%
530330210004,86,9,95,9%
530330210005,93,18,111,16%
530330211001,172,36,208,17%
530330211002,100,17,117,15%
530330211003,228,78,306,25%
530330213001,193,37,230,16%
530330213002,119,22,141,16%
530330213003,98,41,139,29%
530330214001,84,14,98,14%
530330214002,91,32,123,26%
530330214003,111,19,130,15%
530330215001,114,13,127,10%
530330215002,62,15,77,19%
530330215003,57,17,74,23%
530330215004,44,11,55,20%
530330216001,113,41,154,27%
530330216002,119,30,149,20%
530330216003,50,41,91,45%
530330216004,74,15,89,17%
530330217001,195,41,236,17%
530330217002,184,26,210,12%
530330217003,117,16,133,12%
530330217004,256,80,336,24%
530330217005,111,78,189,41%
530330218021,226,99,325,30%
530330218022,277,148,425,35%
530330218023,87,67,154,44%
530330218031,148,96,244,39%
530330218032,96,53,149,36%
530330218033,157,76,233,33%
530330218034,79,47,126,37%
530330218041,66,67,133,50%
530330218042,319,225,544,41%
530330218043,73,45,118,38%
530330219031,446,157,603,26%
530330219032,62,31,93,33%
530330219033,69,60,129,47%
530330219034,30,24,54,44%
530330219035,186,99,285,35%
530330219041,154,101,255,40%
530330219042,41,24,65,37%
530330219043,65,41,106,39%
530330219044,60,33,93,35%
530330219051,202,79,281,28%
530330219052,67,31,98,32%
530330219053,169,82,251,33%
530330219054,94,39,133,29%
530330219061,254,92,346,27%
530330219062,125,49,174,28%
530330219063,153,137,290,47%
530330220011,88,19,107,18%
530330220012,185,83,268,31%
530330220013,126,47,173,27%
530330220031,38,27,65,42%
530330220032,114,46,160,29%
530330220033,87,37,124,30%
530330220034,66,28,94,30%
530330220035,187,86,273,32%
530330220051,368,119,487,24%
530330220052,179,72,251,29%
530330220053,324,131,455,29%
530330220061,85,50,135,37%
530330220062,203,89,292,30%
530330220063,167,82,249,33%
530330221011,135,64,199,32%
530330221012,49,10,59,17%
530330221013,72,51,123,41%
530330221014,32,13,45,29%
530330221021,169,51,220,23%
530330221022,79,13,92,14%
530330221023,116,21,137,15%
530330221024,145,29,174,17%
530330222011,98,43,141,30%
530330222012,61,52,113,46%
530330222013,254,110,364,30%
530330222014,83,58,141,41%
530330222021,77,47,124,38%
530330222022,173,93,266,35%
530330222023,71,50,121,41%
530330222024,77,71,148,48%
530330222025,457,150,607,25%
530330222031,227,84,311,27%
530330222032,116,85,201,42%
530330222033,155,49,204,24%
530330223001,40,22,62,35%
530330223002,102,39,141,28%
530330224001,199,91,290,31%
530330224002,159,82,241,34%
530330224003,202,64,266,24%
530330224004,381,124,505,25%
530330224005,162,27,189,14%
530330224006,142,75,217,35%
530330225001,152,98,250,39%
530330225002,192,94,286,33%
530330225003,132,44,176,25%
530330225004,368,146,514,28%
530330225005,357,187,544,34%
530330226031,140,83,223,37%
530330226032,77,55,132,42%
530330226033,114,40,154,26%
530330226034,287,165,452,37%
530330226035,143,65,208,31%
530330226041,146,71,217,33%
530330226042,123,45,168,27%
530330226043,193,69,262,26%
530330226051,401,132,533,25%
530330226052,224,109,333,33%
530330226053,353,175,528,33%
530330226061,168,63,231,27%
530330226062,280,95,375,25%
530330226063,159,71,230,31%
530330226064,115,57,172,33%
530330227011,305,145,450,32%
530330227012,367,173,540,32%
530330227021,201,63,264,24%
530330227022,110,55,165,33%
530330227023,117,59,176,34%
530330227031,107,96,203,47%
530330227032,95,49,144,34%
530330228011,642,92,734,13%
530330228012,788,117,905,13%
530330228013,85,25,110,23%
530330228014,301,57,358,16%
530330228021,241,158,399,40%
530330228022,140,81,221,37%
530330228023,124,97,221,44%
530330228031,101,71,172,41%
530330228032,388,221,609,36%
530330228033,385,384,769,50%
530330229011,128,17,145,12%
530330229012,122,11,133,8%
530330229021,194,81,275,29%
530330229022,72,50,122,41%
530330229023,87,27,114,24%
530330229024,336,168,504,33%
530330229025,100,59,159,37%
530330230001,107,21,128,16%
530330230002,120,16,136,12%
530330230003,350,37,387,10%
530330230004,56,16,72,22%
530330231001,111,11,122,9%
530330231002,101,20,121,17%
530330231003,77,10,87,11%
530330232011,208,27,235,11%
530330232012,353,91,444,20%
530330232013,701,84,785,11%
530330232021,266,56,322,17%
530330232022,159,40,199,20%
530330232023,209,41,250,16%
530330233001,152,22,174,13%
530330233002,89,8,97,8%
530330233003,142,47,189,25%
530330233004,140,26,166,16%
530330234011,138,20,158,13%
530330234012,261,31,292,11%
530330234013,111,22,133,17%
530330234031,176,21,197,11%
530330234032,123,15,138,11%
530330234033,177,15,192,8%
530330234041,126,36,162,22%
530330234042,119,11,130,8%
530330235001,91,17,108,16%
530330235002,163,14,177,8%
530330235003,148,30,178,17%
530330236011,270,30,300,10%
530330236012,281,39,320,12%
530330236013,81,10,91,11%
530330236031,211,40,251,16%
530330236032,622,87,709,12%
530330236033,104,20,124,16%
530330236034,239,44,283,16%
530330236041,413,44,457,10%
530330236042,130,18,148,12%
530330236043,147,22,169,13%
530330236044,135,47,182,26%
530330237001,76,16,92,17%
530330237002,245,15,260,6%
530330237003,363,63,426,15%
530330238011,432,74,506,15%
530330238012,312,32,344,9%
530330238031,1001,211,1212,17%
530330238032,1085,245,1330,18%
530330238041,631,119,750,16%
530330238042,763,152,915,17%
530330238043,858,193,1051,18%
530330239001,337,79,416,19%
530330239002,198,17,215,8%
530330239003,216,33,249,13%
530330239004,99,39,138,28%
530330240001,234,48,282,17%
530330240002,164,35,199,18%
530330240003,286,48,334,14%
530330240004,202,37,239,15%
530330241001,45,17,62,27%
530330241002,51,19,70,27%
530330241003,72,33,105,31%
530330241004,36,8,44,18%
530330242001,63,41,104,39%
530330242002,42,29,71,41%
530330243001,109,58,167,35%
530330243002,266,173,439,39%
530330243003,83,61,144,42%
530330243004,192,164,356,46%
530330243005,137,37,174,21%
530330244001,122,53,175,30%
530330244002,302,127,429,30%
530330245001,134,32,166,19%
530330245002,47,9,56,16%
530330245003,52,12,64,19%
530330246011,67,34,101,34%
530330246012,82,28,110,25%
530330246013,79,28,107,26%
530330246021,45,15,60,25%
530330246022,106,36,142,25%
530330246023,34,10,44,23%
530330247011,97,29,126,23%
530330247012,128,24,152,16%
530330247013,92,24,116,21%
530330247021,287,43,330,13%
530330247022,114,28,142,20%
530330247023,232,19,251,8%
530330247024,75,15,90,17%
530330247025,107,27,134,20%
530330248001,74,10,84,12%
530330248002,241,46,287,16%
530330248003,320,64,384,17%
530330249011,47,9,56,16%
530330249012,99,28,127,22%
530330249013,100,5,105,5%
530330249014,121,15,136,11%
530330249021,54,12,66,18%
530330249022,156,19,175,11%
530330249023,134,18,152,12%
530330249031,110,12,122,10%
530330249032,136,16,152,11%
530330249033,81,7,88,8%
530330249034,59,11,70,16%
530330250011,74,12,86,14%
530330250012,250,42,292,14%
530330250013,85,19,104,18%
530330250014,96,23,119,19%
530330250031,61,15,76,20%
530330250032,109,14,123,11%
530330250033,133,33,166,20%
530330250034,101,15,116,13%
530330250035,169,24,193,12%
530330250051,291,47,338,14%
530330250052,400,107,507,21%
530330250061,221,31,252,12%
530330250062,345,79,424,19%
530330251011,326,61,387,16%
530330251012,96,33,129,26%
530330251013,166,15,181,8%
530330251014,179,50,229,22%
530330251021,124,48,172,28%
530330251022,221,66,287,23%
530330251023,571,89,660,13%
530330251024,111,58,169,34%
530330252001,178,39,217,18%
530330252002,317,106,423,25%
530330252003,143,36,179,20%
530330252004,309,95,404,24%
530330252005,79,11,90,12%
530330253011,373,78,451,17%
530330253012,192,15,207,7%
530330253013,864,198,1062,19%
530330253021,424,188,612,31%
530330253022,292,171,463,37%
530330253023,240,156,396,39%
530330254001,250,79,329,24%
530330254002,340,104,444,23%
530330254003,610,134,744,18%
530330254004,108,32,140,23%
530330255001,414,122,536,23%
530330255002,176,45,221,20%
530330255003,183,44,227,19%
530330256011,186,15,201,7%
530330256012,300,46,346,13%
530330256013,326,54,380,14%
530330256023,331,62,393,16%
530330257011,157,39,196,20%
530330257012,251,33,284,12%
530330257013,142,39,181,22%
530330257014,219,61,280,22%
530330257015,478,89,567,16%
530330257021,194,44,238,18%
530330257022,69,13,82,16%
530330257023,80,12,92,13%
530330258031,192,29,221,13%
530330258032,233,27,260,10%
530330258033,323,51,374,14%
530330258041,174,22,196,11%
530330258042,80,15,95,16%
530330258051,478,63,541,12%
530330258052,160,23,183,13%
530330258053,189,41,230,18%
530330258061,86,22,108,20%
530330258062,370,91,461,20%
530330258063,251,61,312,20%
530330260021,417,175,592,30%
530330260022,174,69,243,28%
530330260023,240,73,313,23%
530330262001,47,16,63,25%
530330262002,135,93,228,41%
530330262003,263,139,402,35%
530330262004,147,84,231,36%
530330263001,16,11,27,41%
530330263002,83,19,102,19%
530330264002,171,135,306,44%
530330267002,183,99,282,35%
530330267003,123,34,157,22%
530330268022,72,57,129,44%
530330268023,83,55,138,40%
530330268024,99,74,173,43%
530330270001,85,37,122,30%
530330270002,31,23,54,43%
530330271001,138,164,302,54%
530330271002,109,121,230,53%
530330272001,65,45,110,41%
530330272002,72,89,161,55%
530330273001,88,47,135,35%
530330273002,176,98,274,36%
530330274001,194,81,275,29%
530330274002,56,16,72,22%
530330274003,60,27,87,31%
530330274004,67,27,94,29%
530330275001,65,62,127,49%
530330275002,64,24,88,27%
530330275003,90,46,136,34%
530330275004,69,40,109,37%
530330276001,192,103,295,35%
530330276002,126,98,224,44%
530330276003,49,27,76,36%
530330278001,65,24,89,27%
530330278003,60,39,99,39%
530330279001,200,112,312,36%
530330279002,226,181,407,44%
530330279003,78,66,144,46%
530330279004,94,45,139,32%
530330279005,76,41,117,35%
530330279006,106,66,172,38%
530330280001,157,119,276,43%
530330280002,95,83,178,47%
530330280003,90,83,173,48%
530330282001,137,113,250,45%
530330282002,251,128,379,34%
530330282003,169,193,362,53%
530330283001,35,14,49,29%
530330285001,70,44,114,39%
530330285002,113,40,153,26%
530330285003,229,125,354,35%
530330286001,73,30,103,29%
530330286002,36,27,63,43%
530330286003,70,48,118,41%
530330286004,140,67,207,32%
530330286005,56,36,92,39%
530330286006,155,93,248,38%
530330287001,91,29,120,24%
530330287002,66,7,73,10%
530330287003,104,27,131,21%
530330287004,60,12,72,17%
530330288011,76,19,95,20%
530330289011,142,37,179,21%
530330289012,106,9,115,8%
530330289013,199,24,223,11%
530330289014,184,20,204,10%
530330289021,125,42,167,25%
530330289022,209,34,243,14%
530330289023,140,48,188,26%
530330289024,256,53,309,17%
530330289025,169,53,222,24%
530330290011,161,35,196,18%
530330290012,77,26,103,25%
530330290013,189,19,208,9%
530330290014,252,50,302,17%
530330290031,110,51,161,32%
530330290032,116,79,195,41%
530330290033,171,48,219,22%
530330290034,106,59,165,36%
530330290035,91,29,120,24%
530330290041,207,86,293,29%
530330290042,311,147,458,32%
530330291011,304,85,389,22%
530330291012,155,38,193,20%
530330291021,184,33,217,15%
530330291022,59,27,86,31%
530330291023,178,31,209,15%
530330292031,438,156,594,26%
530330292032,229,75,304,25%
530330292041,406,117,523,22%
530330292042,101,29,130,22%
530330292043,87,19,106,18%
530330292044,374,58,432,13%
530330292051,246,53,299,18%
530330292052,186,56,242,23%
530330292053,268,48,316,15%
530330292061,93,33,126,26%
530330292062,274,141,415,34%
530330292063,381,119,500,24%
530330293031,77,19,96,20%
530330293032,134,27,161,17%
530330293033,329,66,395,17%
530330293034,151,29,180,16%
530330293035,287,52,339,15%
530330293041,102,12,114,11%
530330293043,255,50,305,16%
530330293051,57,8,65,12%
530330293052,160,41,201,20%
530330293053,94,11,105,10%
530330293054,111,15,126,12%
530330293061,222,53,275,19%
530330293062,102,20,122,16%
530330294031,236,45,281,16%
530330294032,134,23,157,15%
530330294033,255,59,314,19%
530330294051,112,12,124,10%
530330294052,118,13,131,10%
530330294053,43,4,47,9%
530330294054,42,8,50,16%
530330294055,174,10,184,5%
530330294061,228,56,284,20%
530330294062,256,45,301,15%
530330294071,173,52,225,23%
530330294072,266,108,374,29%
530330294073,60,28,88,32%
530330294081,91,15,106,14%
530330294082,144,53,197,27%
530330294083,286,99,385,26%
530330295021,332,57,389,15%
530330295022,100,15,115,13%
530330295023,126,18,144,13%
530330295024,268,24,292,8%
530330295031,38,17,55,31%
530330295032,388,85,473,18%
530330295033,342,158,500,32%
530330295034,144,41,185,22%
530330295035,302,104,406,26%
530330295041,374,110,484,23%
530330295042,291,92,383,24%
530330295043,407,126,533,24%
530330296011,137,33,170,19%
530330296012,125,19,144,13%
530330296013,233,102,335,30%
530330296014,91,34,125,27%
530330296015,174,36,210,17%
530330296021,63,27,90,30%
530330296022,176,43,219,20%
530330296023,188,56,244,23%
530330297001,286,123,409,30%
530330297002,161,54,215,25%
530330297003,146,63,209,30%
530330297005,208,59,267,22%
530330298011,231,51,282,18%
530330298013,133,40,173,23%
530330298014,154,36,190,19%
530330298015,406,54,460,12%
530330298026,284,47,331,14%
530330299021,101,17,118,14%
530330299022,170,32,202,16%
530330299023,157,45,202,22%
530330300031,176,25,201,12%
530330300032,260,27,287,9%
530330300033,123,22,145,15%
530330300034,71,15,86,17%
530330300035,254,41,295,14%
530330300041,112,36,148,24%
530330300042,368,121,489,25%
530330300043,232,59,291,20%
530330300044,190,41,231,18%
530330300045,233,82,315,26%
530330300046,233,103,336,31%
530330300051,164,48,212,23%
530330300052,67,30,97,31%
530330300053,314,86,400,22%
530330300061,210,102,312,33%
530330300062,269,155,424,37%
530330301001,91,9,100,9%
530330301002,96,21,117,18%
530330301003,279,36,315,11%
530330301004,137,25,162,15%
530330301005,99,44,143,31%
530330301006,92,28,120,23%
530330301007,108,33,141,23%
530330302011,82,28,110,25%
530330302012,167,46,213,22%
530330302013,232,28,260,11%
530330302014,210,42,252,17%
530330302021,122,39,161,24%
530330302022,174,39,213,18%
530330302023,102,15,117,13%
530330302024,148,31,179,17%
530330302025,114,30,144,21%
530330303041,141,28,169,17%
530330303042,155,66,221,30%
530330303051,211,85,296,29%
530330303052,109,81,190,43%
530330303053,80,37,117,32%
530330303061,133,33,166,20%
530330303062,84,17,101,17%
530330303063,177,35,212,17%
530330303064,70,26,96,27%
530330303081,81,15,96,16%
530330303082,167,52,219,24%
530330303083,211,48,259,19%
530330303084,273,75,348,22%
530330303091,162,27,189,14%
530330303092,234,64,298,21%
530330303093,234,35,269,13%
530330303094,317,52,369,14%
530330303101,87,20,107,19%
530330303102,117,9,126,7%
530330303103,124,17,141,12%
530330303104,236,27,263,10%
530330303111,67,10,77,13%
530330303112,168,19,187,10%
530330303113,33,13,46,28%
530330303114,76,16,92,17%
530330303121,237,73,310,24%
530330303122,104,25,129,19%
530330303123,72,34,106,32%
530330303124,108,28,136,21%
530330303131,217,35,252,14%
530330303132,343,130,473,27%
530330303141,307,202,509,40%
530330303142,87,55,142,39%
530330303143,195,120,315,38%
530330304011,364,65,429,15%
530330304032,104,22,126,17%
530330304033,162,58,220,26%
530330304043,86,23,109,21%
530330305011,119,64,183,35%
530330305012,165,90,255,35%
530330305031,340,78,418,19%
530330305032,423,82,505,16%
530330305041,117,24,141,17%
530330305042,194,36,230,16%
530330305043,195,50,245,20%
530330305044,99,19,118,16%
530330306001,153,14,167,8%
530330306002,85,17,102,17%
530330306003,116,17,133,13%
530330306004,265,26,291,9%
530330307001,164,51,215,24%
530330307002,229,62,291,21%
530330307003,144,53,197,27%
530330308011,263,50,313,16%
530330308012,325,69,394,18%
530330308013,316,95,411,23%
530330308021,168,59,227,26%
530330308022,119,31,150,21%
530330308023,110,30,140,21%
530330309011,147,79,226,35%
530330309012,106,55,161,34%
530330309021,285,154,439,35%
530330309022,61,39,100,39%
530330309023,295,109,404,27%
530330310001,243,46,289,16%
530330310002,162,23,185,12%
530330311001,206,39,245,16%
530330311002,95,20,115,17%
530330311003,193,46,239,19%
530330311004,166,36,202,18%
530330311005,105,15,120,13%
530330312022,73,10,83,12%
530330312051,357,111,468,24%
530330312052,559,57,616,9%
530330312053,259,66,325,20%
530330312061,227,38,265,14%
530330312062,184,36,220,16%
530330312063,317,74,391,19%
530330313021,77,36,113,32%
530330313023,77,53,130,41%
530330313024,105,84,189,44%
530330314001,89,36,125,29%
530330314002,138,75,213,35%
530330314003,124,60,184,33%
530330314004,68,10,78,13%
530330314005,113,32,145,22%
530330315023,168,114,282,40%
530330316031,87,91,178,51%
530330316032,31,18,49,37%
530330316033,89,86,175,49%
530330316034,126,92,218,42%
530330316041,207,69,276,25%
530330316042,67,21,88,24%
530330316043,148,52,200,26%
530330316051,81,39,120,33%
530330316053,88,46,134,34%
530330317031,77,7,84,8%
530330317032,148,21,169,12%
530330317033,103,30,133,23%
530330317034,190,43,233,18%
530330317035,96,38,134,28%
530330317041,108,35,143,24%
530330317042,113,45,158,28%
530330317043,318,94,412,23%
530330317051,63,31,94,33%
530330317052,61,28,89,31%
530330317053,130,63,193,33%
530330317061,265,73,338,22%
530330317062,292,83,375,22%
530330317063,168,32,200,16%
530330317064,124,65,189,34%
530330318001,97,37,134,28%
530330320052,216,25,241,10%
530330320053,202,32,234,14%
530330320054,134,18,152,12%
530330320055,95,8,103,8%
530330320056,80,17,97,18%
530330320062,180,106,286,37%
530330320072,142,14,156,9%
530330320073,115,50,165,30%
530330320081,123,65,188,35%
530330320082,121,37,158,23%
530330320083,79,43,122,35%
530330320101,91,75,166,45%
530330320102,101,40,141,28%
530330320103,144,37,181,20%
530330320104,97,121,218,56%
530330320111,154,65,219,30%
530330320112,125,68,193,35%
530330321031,264,34,298,11%
530330321032,176,37,213,17%
530330321033,323,50,373,13%
530330321034,214,38,252,15%
530330321042,246,91,337,27%
530330322031,256,65,321,20%
530330322032,145,45,190,24%
530330322033,199,36,235,15%
530330322034,132,26,158,16%
530330322071,86,16,102,16%
530330322072,65,16,81,20%
530330322073,112,31,143,22%
530330322081,153,50,203,25%
530330322082,106,34,140,24%
530330322083,335,77,412,19%
530330322084,328,94,422,22%
530330322085,314,81,395,21%
530330322101,146,54,200,27%
530330322102,811,194,1005,19%
530330322103,1152,322,1474,22%
530330322111,138,25,163,15%
530330322112,118,34,152,22%
530330322113,93,25,118,21%
530330322121,210,52,262,20%
530330322122,139,23,162,14%
530330322123,149,38,187,20%
530330322124,242,103,345,30%
530330322131,110,19,129,15%
530330322132,79,11,90,12%
530330322133,139,32,171,19%
530330322141,193,25,218,11%
530330322142,185,54,239,23%
530330322143,170,43,213,20%
530330322151,170,12,182,7%
530330322152,181,35,216,16%
530330323091,302,217,519,42%
530330323092,1128,771,1899,41%
530330323093,318,160,478,33%
530330323133,80,15,95,16%
530330323134,428,249,677,37%
530330323161,42,16,58,28%
530330323162,134,33,167,20%
530330323163,105,36,141,26%
530330323164,116,27,143,19%
530330323171,121,43,164,26%
530330323172,94,10,104,10%
530330323173,130,37,167,22%
530330323174,90,21,111,19%
530330323175,64,27,91,30%
530330323181,147,44,191,23%
530330323182,65,36,101,36%
530330323183,77,19,96,20%
530330323184,208,34,242,14%
530330323191,70,26,96,27%
530330323192,220,46,266,17%
530330323193,354,168,522,32%
530330323201,39,10,49,20%
530330323203,98,62,160,39%
530330323213,299,134,433,31%
530330323214,146,57,203,28%
530330323231,148,68,216,31%
530330323232,184,115,299,38%
530330323233,151,64,215,30%
530330323234,179,43,222,19%
530330323241,70,44,114,39%
530330323242,158,63,221,29%
530330323243,226,157,383,41%
530330323244,148,80,228,35%
530330323251,93,36,129,28%
530330323252,355,252,607,42%
530330323253,465,185,650,28%
530330324012,78,42,120,35%
530330324013,135,56,191,29%
530330324021,151,34,185,18%
530330324022,76,49,125,39%
530330326021,261,109,370,29%
530330326023,259,68,327,21%
530330326024,204,30,234,13%
530330327021,190,44,234,19%
530330327031,134,64,198,32%
530330327032,73,38,111,34%
530330327041,162,105,267,39%
530330327042,63,50,113,44%
530330327043,82,85,167,51%
530330327044,81,161,242,67%
530330328003,25,41,66,62%
530350801011,150,78,228,34%
530350801021,216,90,306,29%
530350801022,240,93,333,28%
530350801023,144,74,218,34%
530350802002,206,131,337,39%
530350803001,217,136,353,39%
530350803002,231,130,361,36%
530350804001,151,92,243,38%
530350805001,267,181,448,40%
530350805002,222,146,368,40%
530350806001,129,50,179,28%
530350806002,160,96,256,38%
530350806003,129,86,215,40%
530350806004,127,62,189,33%
530350806005,88,40,128,31%
530350807002,114,56,170,33%
530350807003,133,58,191,30%
530350808001,125,31,156,20%
530350808002,155,47,202,23%
530350809002,139,53,192,28%
530350810001,105,100,205,49%
530350810002,191,103,294,35%
530350811001,158,95,253,38%
530350811002,138,98,236,42%
530350812001,142,105,247,43%
530350812002,247,137,384,36%
530350814001,12,17,29,59%
530350905012,260,105,365,29%
530350905013,117,64,181,35%
530350905022,183,72,255,28%
530350905023,128,40,168,24%
530350907001,164,51,215,24%
530350907002,152,35,187,19%
530350907003,168,35,203,17%
530350908001,92,21,113,19%
530350908002,128,36,164,22%
530350908003,164,42,206,20%
530350909001,217,113,330,34%
530350909002,275,151,426,35%
530350909003,232,108,340,32%
530350909004,206,56,262,21%
530350910001,173,45,218,21%
530350910002,164,29,193,15%
530350910003,180,37,217,17%
530350910004,178,34,212,16%
530350921001,274,44,318,14%
530350921002,212,32,244,13%
530350922001,217,56,273,21%
530350922002,163,48,211,23%
530350922003,168,72,240,30%
530350922004,241,83,324,26%
530350923002,141,31,172,18%
530350923003,307,66,373,18%
530350928011,137,15,152,10%
530530602001,307,48,355,14%
530530603001,125,37,162,23%
530530603002,213,70,283,25%
530530603003,203,50,253,20%
530530604001,94,14,108,13%
530530604002,84,7,91,8%
530530604003,97,8,105,8%
530530604004,71,18,89,20%
530530604005,77,16,93,17%
530530605001,72,21,93,23%
530530605002,92,33,125,26%
530530605003,75,21,96,22%
530530605004,57,16,73,22%
530530605005,58,29,87,33%
530530606001,174,45,219,21%
530530606002,200,69,269,26%
530530606003,195,66,261,25%
530530606004,176,59,235,25%
530530606005,106,39,145,27%
530530606006,98,47,145,32%
530530607001,118,39,157,25%
530530607002,79,61,140,44%
530530607003,224,62,286,22%
530530607004,180,62,242,26%
530530607005,77,32,109,29%
530530607006,102,24,126,19%
530530608001,83,16,99,16%
530530608002,133,24,157,15%
530530608003,123,22,145,15%
530530608004,128,21,149,14%
530530608005,75,18,93,19%
530530608006,81,9,90,10%
530530608007,115,11,126,9%
530530609031,106,36,142,25%
530530609032,138,64,202,32%
530530609033,112,53,165,32%
530530609041,102,31,133,23%
530530609042,306,119,425,28%
530530609043,101,49,150,33%
530530609044,191,90,281,32%
530530609051,255,142,397,36%
530530609052,109,44,153,29%
530530609053,130,49,179,27%
530530609054,131,109,240,45%
530530609055,93,30,123,24%
530530609061,160,43,203,21%
530530609062,74,17,91,19%
530530610011,168,71,239,30%
530530610012,67,11,78,14%
530530610013,126,65,191,34%
530530610021,204,168,372,45%
530530610022,97,40,137,29%
530530610023,288,180,468,38%
530530610024,99,87,186,47%
530530611001,109,34,143,24%
530530611002,59,16,75,21%
530530611003,101,18,119,15%
530530611004,75,36,111,32%
530530611005,165,76,241,32%
530530611006,151,48,199,24%
530530611007,153,54,207,26%
530530612001,142,55,197,28%
530530612002,158,43,201,21%
530530612003,113,36,149,24%
530530612004,50,24,74,32%
530530612005,89,32,121,26%
530530612006,131,28,159,18%
530530613001,127,50,177,28%
530530613002,115,57,172,33%
530530613003,133,59,192,31%
530530613004,93,42,135,31%
530530613005,129,48,177,27%
530530613006,89,53,142,37%
530530614001,190,164,354,46%
530530614002,84,129,213,61%
530530614003,185,234,419,56%
530530615001,518,200,718,28%
530530615002,504,202,706,29%
530530615003,253,107,360,30%
530530615004,194,76,270,28%
530530616011,399,291,690,42%
530530616021,252,82,334,25%
530530617001,338,140,478,29%
530530617002,132,55,187,29%
530530617003,100,26,126,21%
530530617004,108,36,144,25%
530530617005,105,26,131,20%
530530618001,143,68,211,32%
530530618002,100,39,139,28%
530530618003,126,39,165,24%
530530619001,96,64,160,40%
530530619002,129,62,191,32%
530530620001,79,51,130,39%
530530620002,163,79,242,33%
530530620003,154,67,221,30%
530530620004,217,85,302,28%
530530623001,214,33,247,13%
530530623002,161,33,194,17%
530530623003,143,13,156,8%
530530623004,128,15,143,10%
530530624001,218,83,301,28%
530530624002,148,62,210,30%
530530624003,81,35,116,30%
530530624004,116,35,151,23%
530530624005,94,40,134,30%
530530625001,120,46,166,28%
530530625002,151,43,194,22%
530530625003,117,26,143,18%
530530625004,92,31,123,25%
530530625005,261,47,308,15%
530530625006,80,24,104,23%
530530625007,113,40,153,26%
530530626001,253,114,367,31%
530530626002,394,189,583,32%
530530628011,172,130,302,43%
530530628012,238,192,430,45%
530530628013,408,179,587,30%
530530628014,256,111,367,30%
530530628021,239,32,271,12%
530530628022,155,24,179,13%
530530628023,120,19,139,14%
530530629001,599,190,789,24%
530530629002,252,73,325,22%
530530629003,122,29,151,19%
530530629004,104,34,138,25%
530530629005,138,28,166,17%
530530629006,119,45,164,27%
530530630001,134,32,166,19%
530530630002,243,63,306,21%
530530631001,127,38,165,23%
530530631002,111,39,150,26%
530530631003,93,34,127,27%
530530631004,106,31,137,23%
530530632001,133,31,164,19%
530530632002,220,37,257,14%
530530632003,100,20,120,17%
530530632004,117,22,139,16%
530530632005,44,14,58,24%
530530633001,158,65,223,29%
530530633002,245,66,311,21%
530530633003,138,77,215,36%
530530633004,120,34,154,22%
530530633005,99,22,121,18%
530530634001,151,49,200,25%
530530634002,240,60,300,20%
530530634003,130,49,179,27%
530530634004,103,34,137,25%
530530634005,151,86,237,36%
530530634006,87,26,113,23%
530530635011,103,38,141,27%
530530635012,105,62,167,37%
530530635013,119,67,186,36%
530530635014,158,99,257,39%
530530635021,206,71,277,26%
530530635022,241,106,347,31%
530530635023,119,63,182,35%
530530702061,119,45,164,27%
530530703081,280,69,349,20%
530530703082,224,43,267,16%
530530703091,157,29,186,16%
530530703092,175,46,221,21%
530530703093,340,56,396,14%
530530703103,181,49,230,21%
530530703122,252,96,348,28%
530530703123,163,41,204,20%
530530703133,170,43,213,20%
530530703152,297,48,345,14%
530530703153,198,37,235,16%
530530703161,206,56,262,21%
530530703162,690,165,855,19%
530530704031,81,10,91,11%
530530704032,25,10,35,29%
530530704033,139,22,161,14%
530530704041,218,106,324,33%
530530707031,214,28,242,12%
530530707032,320,58,378,15%
530530707033,129,22,151,15%
530530707034,114,13,127,10%
530530707035,99,20,119,17%
530530712071,137,42,179,23%
530530712073,392,101,493,20%
530530712091,149,19,168,11%
530530712092,88,15,103,15%
530530712093,64,12,76,16%
530530712102,82,15,97,15%
530530712103,380,45,425,11%
530530713043,103,11,114,10%
530530717031,321,170,491,35%
530530717041,342,153,495,31%
530530717061,277,73,350,21%
530530718031,411,99,510,19%
530530718033,172,39,211,18%
530530718034,161,49,210,23%
530530718051,170,91,261,35%
530530718052,108,49,157,31%
530530718053,208,130,338,38%
530530718061,308,265,573,46%
530530718062,295,227,522,43%
530530718071,357,108,465,23%
530530718072,194,71,265,27%
530530718081,234,84,318,26%
530530718082,162,61,223,27%
530530718083,100,41,141,29%
530530719011,260,94,354,27%
530530719012,114,44,158,28%
530530719013,144,46,190,24%
530530719014,183,52,235,22%
530530719021,123,39,162,24%
530530719022,119,35,154,23%
530530719023,193,48,241,20%
530530719024,63,24,87,28%
530530719025,126,32,158,20%
530530720001,196,88,284,31%
530530720002,257,121,378,32%
530530720003,196,71,267,27%
530530720004,168,55,223,25%
530530721051,109,13,122,11%
530530721052,228,36,264,14%
530530721054,139,19,158,12%
530530721061,125,46,171,27%
530530721062,147,40,187,21%
530530721063,366,104,470,22%
530530721064,402,116,518,22%
530530721071,132,28,160,18%
530530721072,137,22,159,14%
530530721073,92,22,114,19%
530530721074,117,20,137,15%
530530721081,143,45,188,24%
530530721082,169,50,219,23%
530530721083,128,33,161,20%
530530721084,316,83,399,21%
530530721085,89,20,109,18%
530530721092,239,123,362,34%
530530721111,167,83,250,33%
530530721112,117,56,173,32%
530530721121,243,41,284,14%
530530721123,193,46,239,19%
530530723051,90,67,157,43%
530530723052,82,56,138,41%
530530723053,116,36,152,24%
530530723054,37,17,54,31%
530530723055,152,76,228,33%
530530723056,38,18,56,32%
530530723094,131,31,162,19%
530530725054,95,28,123,23%
530530725071,135,34,169,20%
530530725072,181,67,248,27%
530530730015,119,24,143,17%
530530733011,484,147,631,23%
530530733012,99,39,138,28%
530530733013,22,8,30,27%
530530733014,175,60,235,26%
530530733021,232,31,263,12%
530530733022,160,44,204,22%
530530733023,203,29,232,13%
530530734041,156,46,202,23%
530530734042,103,26,129,20%
530530734043,93,28,121,23%
530530734044,145,44,189,23%
530530734045,228,60,288,21%
530530734051,269,71,340,21%
530530734052,227,64,291,22%
530530734061,245,37,282,13%
530530734062,152,22,174,13%
530530734063,478,68,546,12%
530530734071,187,51,238,21%
530530734072,155,36,191,19%
530530734073,176,41,217,19%
530530734081,209,50,259,19%
530530734083,164,40,204,20%
530530735006,52,18,70,26%
530539400011,118,23,141,16%
530539400022,239,120,359,33%
530539400023,154,40,194,21%
530539400031,430,134,564,24%
530539400032,355,131,486,27%
530539400033,321,144,465,31%
530539400051,139,30,169,18%
530539400052,194,40,234,17%
530539400053,239,48,287,17%
530539400061,151,139,290,48%
530539400062,152,140,292,48%
530539400071,132,41,173,24%
530539400073,167,39,206,19%
530539400081,356,90,446,20%
530539400082,139,37,176,21%
530539400083,137,30,167,18%
530539400111,102,26,128,20%
530539400112,127,27,154,18%
530539400113,73,31,104,30%
530610401001,98,19,117,16%
530610401002,306,43,349,12%
530610401003,168,22,190,12%
530610401004,154,21,175,12%
530610402001,270,136,406,33%
530610402002,144,83,227,37%
530610402003,155,74,229,32%
530610402004,165,118,283,42%
530610403001,165,47,212,22%
530610403002,180,48,228,21%
530610404001,420,115,535,21%
530610404002,180,19,199,10%
530610404003,288,49,337,15%
530610405001,118,41,159,26%
530610405002,103,31,134,23%
530610407001,168,80,248,32%
530610407002,197,99,296,33%
530610407003,233,79,312,25%
530610407004,131,63,194,32%
530610408001,90,19,109,17%
530610408002,418,143,561,25%
530610409001,91,21,112,19%
530610409002,155,20,175,11%
530610410001,160,54,214,25%
530610410002,133,49,182,27%
530610410003,180,64,244,26%
530610410004,255,64,319,20%
530610411001,160,26,186,14%
530610411002,197,40,237,17%
530610411003,156,32,188,17%
530610411004,105,23,128,18%
530610412011,193,33,226,15%
530610412012,176,38,214,18%
530610412021,171,40,211,19%
530610412022,199,85,284,30%
530610412023,139,65,204,32%
530610412024,133,22,155,14%
530610413011,155,46,201,23%
530610413012,195,49,244,20%
530610413013,85,45,130,35%
530610413014,52,34,86,40%
530610413031,283,91,374,24%
530610413032,83,16,99,16%
530610413033,138,12,150,8%
530610413041,79,21,100,21%
530610413042,206,46,252,18%
530610414001,142,26,168,15%
530610414002,175,55,230,24%
530610414003,138,31,169,18%
530610414004,145,34,179,19%
530610415001,121,14,135,10%
530610415002,54,10,64,16%
530610416014,85,22,107,21%
530610416061,139,82,221,37%
530610417011,392,74,466,16%
530610417013,231,45,276,16%
530610418051,143,59,202,29%
530610418052,303,104,407,26%
530610418053,234,65,299,22%
530610418064,120,26,146,18%
530610418065,136,23,159,14%
530610418066,350,69,419,16%
530610419011,65,24,89,27%
530610419031,267,116,383,30%
530610419032,338,108,446,24%
530610419033,303,77,380,20%
530610419034,260,98,358,27%
530610419041,403,191,594,32%
530610419042,370,175,545,32%
530610419043,150,78,228,34%
530610419051,256,74,330,22%
530610419052,149,28,177,16%
530610419053,328,88,416,21%
530610419054,139,25,164,15%
530610420011,90,73,163,45%
530610420012,98,59,157,38%
530610420013,156,61,217,28%
530610420014,88,40,128,31%
530610420052,133,65,198,33%
530610420061,367,82,449,18%
530610420062,250,63,313,20%
530610420063,241,69,310,22%
530610502001,76,7,83,8%
530610502002,96,12,108,11%
530610502003,35,16,51,31%
530610502004,75,13,88,15%
530610503001,74,11,85,13%
530610503002,132,20,152,13%
530610503003,81,11,92,12%
530610503004,125,17,142,12%
530610504011,194,43,237,18%
530610504012,167,32,199,16%
530610504013,123,20,143,14%
530610504014,155,28,183,15%
530610504015,86,18,104,17%
530610504016,108,34,142,24%
530610504021,193,82,275,30%
530610504022,122,27,149,18%
530610504023,106,37,143,26%
530610504024,140,22,162,14%
530610505001,152,63,215,29%
530610505002,184,37,221,17%
530610505003,179,62,241,26%
530610505004,198,92,290,32%
530610505005,122,64,186,34%
530610506001,89,57,146,39%
530610507001,104,23,127,18%
530610507002,110,12,122,10%
530610507003,228,41,269,15%
530610507004,50,20,70,29%
530610507005,289,62,351,18%
530610508004,160,15,175,9%
530610509001,230,63,293,22%
530610509002,200,59,259,23%
530610509003,145,40,185,22%
530610510001,255,43,298,14%
530610510002,204,45,249,18%
530610510003,175,29,204,14%
530610511001,162,19,181,10%
530610511002,132,21,153,14%
530610511003,194,43,237,18%
530610512001,154,43,197,22%
530610512002,147,11,158,7%
530610512003,126,17,143,12%
530610512004,153,33,186,18%
530610513001,179,18,197,9%
530610513002,154,18,172,10%
530610513003,279,25,304,8%
530610513004,175,24,199,12%
530610513005,261,23,284,8%
530610513006,123,10,133,8%
530610514001,312,92,404,23%
530610514002,195,57,252,23%
530610514003,270,86,356,24%
530610514004,257,83,340,24%
530610514005,181,44,225,20%
530610515001,101,31,132,23%
530610515002,201,44,245,18%
530610515003,226,59,285,21%
530610515004,195,67,262,26%
530610516012,109,29,138,21%
530610516013,130,25,155,16%
530610516014,141,30,171,18%
530610516021,157,25,182,14%
530610516022,105,21,126,17%
530610516023,132,27,159,17%
530610517011,157,40,197,20%
530610517012,118,47,165,28%
530610517013,232,113,345,33%
530610517014,172,69,241,29%
530610517021,149,52,201,26%
530610517022,211,56,267,21%
530610517023,137,28,165,17%
530610518021,147,35,182,19%
530610518022,530,116,646,18%
530610518023,135,34,169,20%
530610519051,79,13,92,14%
530610519131,97,33,130,25%
530610519134,114,46,160,29%
530610519141,59,21,80,26%
530610519142,61,21,82,26%
530610519144,80,25,105,24%
530610519161,57,35,92,38%
530610519163,168,88,256,34%
530610519172,45,54,99,55%
530610519173,163,68,231,29%
530610519181,98,44,142,31%
530610519182,132,65,197,33%
530610519183,116,55,171,32%
530610519184,109,77,186,41%
530610519222,182,67,249,27%
530610519252,217,106,323,33%
530610519253,189,81,270,30%
530610519254,122,78,200,39%
530610521041,127,39,166,23%
530610521043,170,47,217,22%
530610524011,96,14,110,13%
530610524012,102,15,117,13%
530610524013,91,33,124,27%
530610524014,146,32,178,18%
530610524021,172,42,214,20%
530610524022,227,62,289,21%
530610524023,188,70,258,27%
530610525022,158,28,186,15%
530610525023,200,24,224,11%
530610525042,114,14,128,11%
530610527051,306,123,429,29%
530610527054,62,22,84,26%
530610527055,61,39,100,39%
530610527071,237,79,316,25%
530610527081,189,48,237,20%
530610527082,135,29,164,18%
530610527083,47,15,62,24%
530610527084,104,24,128,19%
530610527092,165,68,233,29%
530610528031,95,30,125,24%
530610528032,279,62,341,18%
530610528033,128,36,164,22%
530610528034,90,25,115,22%
530610528041,247,97,344,28%
530610528042,214,150,364,41%
530610528043,79,28,107,26%
530610528044,64,20,84,24%
530610528051,182,78,260,30%
530610528052,88,33,121,27%
530610528053,87,53,140,38%
530610528061,162,55,217,25%
530610528062,108,31,139,22%
530610528063,121,53,174,30%
530610528064,87,36,123,29%
530610528065,301,102,403,25%
530610529031,85,42,127,33%
530610529032,109,69,178,39%
530610529033,157,85,242,35%
530610529034,173,110,283,39%
530610529041,40,25,65,38%
530610529042,207,118,325,36%
530610529043,111,47,158,30%
530610529044,44,15,59,25%
530610529051,149,132,281,47%
530610529052,144,117,261,45%
530610529053,169,162,331,49%
530610529061,128,42,170,25%
530610529062,144,43,187,23%
530610529063,202,97,299,32%
530610531021,227,91,318,29%
530610535041,183,81,264,31%
530610535042,143,90,233,39%
530610535043,85,20,105,19%
530610535044,176,89,265,34%
530610535045,183,65,248,26%
530610535071,125,42,167,25%
530610535072,208,81,289,28%
530610535073,92,38,130,29%
530610535081,181,40,221,18%
530610535082,156,39,195,20%
530610535091,128,48,176,27%
530610535092,230,61,291,21%
530610535093,89,35,124,28%
530610536043,137,42,179,23%
530610537001,163,107,270,40%
530610538021,159,60,219,27%
530610538022,137,40,177,23%
530610538024,88,23,111,21%
